9758
6445
7890
1160
4064
4219
9746
856
9385
4906
1343
4294
8029
6868
7012
1510
1487
4906
774
3273
7212
2238
10
1455
9285
8205
3241
811
3955
1233
6230
3303
5670
9958
2879
5880
1230
5275
7011
82
6142
9435
7492
9919
5086
9581
8940
5308
3536
8456
7092
2453
9493
1835
4451
5218
1921
9852
8692
8258
380
7504
347
7031
138
5163
265
9473
2510
8392
430
4912
6042
9594
3727
3284
634
612
1144
7048
5458
1302
9859
1599
4564
2409
2393
3645
8007
2845
1177
2456
7893
321
5223
4960
9795
5891
6119
5757
8038
3049
8682
6425
2964
863
1800
3934
9769
3489
8463
2097
9339
9836
6394
8639
1744
4192
1334
1814
8799
1608
81
6839
1620
2045
5363
7307
7720
5560
82
164
3552
5767
4241
5397
2772
3842
5336
9188
4259
3246
2298
5519
6485
33
2498
973
5953
8919
1488
1735
7537
8453
499
5383
6130
2076
759
2911
1744
9936
4737
3132
386
6266
3368
2301
546
7019
9831
4143
7632
881
2304
1003
2951
223
7539
4850
9407
7064
4095
4039
8373
9740
9400
9838
7752
1318
3498
1380
7845
5445
7309
1183
7174
3002
7817
8999
582
8465
3724
8278
4552
6132
9162
4700
5705
9388
3828
7061
2690
601
9724
7359
211
788
8392
3574
8413
3875
2853
5411
9518
861
5197
1381
3682
1470
364
2590
8088
4141
96
7777
6979
5773
1807
9690
9234
6097
8318
2175
3683
243
6127
1717
8403
8198
6490
2199
8408
8122
191
5698
3939
4545
2138
4100
4208
7600
3113
6023
3024
5127
1130
5976
8009
9780
8504
8749
3404
4037
2600
3607
4168
2670
5919
1299
1981
1994
118
167
5331
8404
2369
4332
7500
8280
7580
7494
4183
4358
8118
252
7334
4855
1955
5684
5267
9635
4701
6046
1134
4786
2907
2549
458
4369
4437
8289
7497
7320
342
5248
2373
569
4498
3094
5809
3436
74
1330
9103
681
6766
388
3875
4645
9571
1324
7511
5553
709
8212
3488
5038
8414
6273
7233
2262
808
7958
2416
6135
2863
7449
1094
4737
3787
7930
922
3731
8349
4849
7296
4241
3159
2935
253
8168
3921
2328
3566
6485
2329
3272
3514
8307
4634
9828
6470
2003
2417
3578
6184
3825
3564
1163
350
1460
4627
7247
6879
3542
5772
1674
2690
6981
730
9630
2221
4218
1285
9745
2321
8424
848
4481
3477
4295
23
4341
1279
9057
3207
2581
7466
5356
7427
5789
1829
1098
739
8077
1400
9597
352
437
9277
9583
1166
3600
8588
6705
888
4094
3798
5026
6883
3719
2087
6754
4908
1484
2070
6552
9843
6560
8607
817
9612
4039
2819
1674
6867
5453
6957
8208
7504
314
9417
5925
1643
7669
6304
1894
1058
7511
2551
9755
9305
8098
4505
94
9793
706
7618
7423
5548
9570
6701
5416
2688
1937
8976
6557
6010
3030
9703
1878
7285
2098
5534
6928
8667
4358
1539
3936
8602
2677
7035
2042
5243
3355
3411
6609
4288
3070
6762
5040
7339
7059
2526
9480
1095
8820
484
1243
9425
6929
2236
4393
7158
1588
2884
9480
1460
7578
5212
2105
1129
47
233
56
2849
457
9630
2645
942
4648
1176
2577
2184
4172
6073
1227
9448
1799
5895
6572
4927
4660
1910
2959
9228
5129
2323
1973
1342
3705
9154
5255
9191
1693
731
3470
9602
4532
8736
7968
6950
4824
899
3643
1914
8515
9317
5687
7003
1298
6594
3815
8589
8969
2523
9905
3007
5144
7540
1534
6818
3276
7183
5667
3515
9160
2712
689
166
4869
9987
4699
1373
9063
499
8886
8314
6323
5148
1317
4890
9358
9563
5750
274
1224
1557
4374
2646
4601
5053
6796
8488
3754
2330
9669
3933
8375
424
8860
1302
451
7390
77
3454
7836
8448
2154
9727
3521
6741
6157
4411
4722
9084
6655
2567
5255
1242
8936
2474
2548
4215
2360
2439
2299
4075
7013
454
7506
9251
6630
5258
9958
5864
3696
7071
464
514
1567
2754
8503
2648
599
4278
7750
571
6779
148
4592
260
8509
386
274
9979
7096
5783
231
1114
7035
2190
801
6337
1382
8073
6231
2315
3034
744
6810
8065
1212
7787
8284
8941
8458
2308
2115
3970
642
416
1386
970
7599
8295
6218
7360
3076
9426
8567
1359
4190
6732
1357
2730
2005
4044
9037
8398
7924
7635
7282
2533
9450
3473
5113
5372
7600
2028
9264
3127
1499
4564
254
484
1364
8912
8292
9741
2182
2525
2482
9170
3591
5241
1741
6774
3355
1259
5072
1145
6086
1077
2832
950
609
9484
2629
909
9311
3303
3957
9188
8576
4807
8275
5130
4549
7894
488
572
1188
5267
2385
891
7167
1820
6138
2413
1792
6061
3496
5107
2056
1817
3261
5948
521
9285
4168
9272
4464
8941
1499
3360
5367
7154
5617
2147
5321
5537
111
3364
4983
1626
4538
9314
4731
2446
9274
3656
5180
5818
2094
4054
6561
6932
3376
223
6521
1828
2762
2326
1819
3621
6041
754
1337
332
5985
761
5898
9544
5009
5532
583
3834
7672
912
1222
3271
3655
8413
118
1691
1113
5434
7147
1985
4066
4840
9147
5392
68
6685
2487
9432
6743
5476
7454
2398
6169
4948
1918
9492
9108
6254
7580
2380
208
9675
6695
2318
633
3589
1944
3096
498
5909
6476
6102
6761
8157
5973
978
5741
5414
9933
3101
8846
1069
6189
6895
963
6826
5838
2364
4114
5841
8766
7080
7500
3276
3557
7788
6566
9993
4728
3240
8816
1360
5101
1355
8975
1368
544
3378
829
794
1046
1533
5364
69
8752
3928
3783
3268
770
8089
5042
4669
5668
469
3523
5836
2105
9752
3896
5727
4047
820
9867
9651
3158
9993
460
9567
2372
1175
3309
4319
6760
736
8164
1684
9549
9089
508
362
2178
162
221
8714
4088
1644
253
689
2219
5690
1143
7265
4212
3859
1611
2326
4206
600
8118
9612
777
8441
852
3935
1436
6893
6883
6882
2797
1761
3946
7876
3413
560
8521
4017
8560
5188
1059
5925
7203
492
1833
3910
1041
334
1705
7378
8623
1935
8327
3958
8278
5809
2522
6800
9017
3596
1707
5000
8680
9585
3833
7563
4645
4826
2128
2216
2357
2246
1772
543
4408
3684
5576
2261
9084
317
9196
317
1903
7399
3542
6196
3364
2167
2616
9292
8569
9078
1667
972
3350
3992
4066
389
9464
6985
6538
7784
1950
2217
4080
5526
4612
9434
2524
56
1630
6599
2828
7569
7431
3335
9532
7216
4331
7426
9589
7002
4274
3443
803
2567
4463
7439
8236
8236
1047
4629
5022
793
9157
2758
439
5540
941
9319
6139
5094
703
8533
3810
4772
3711
2424
5376
7969
7139
9755
6057
1970
8205
6970
9236
4850
3946
637
9631
3270
7689
1061
2468
4148
7920
5317
1930
2768
3340
9555
3199
8007
9831
958
1973
9552
1599
4753
698
543
324
3881
7100
2684
2018
7348
397
4019
9696
8091
164
8573
5576
1458
468
815
4760
5133
9328
306
712
6533
1023
2259
4046
5274
2381
443
9838
6123
5667
4322
86
21
6423
2383
8025
4137
2726
6340
5577
2561
9746
3672
3242
8403
535
9364
9397
2934
338
466
6011
8517
4708
9682
4347
8371
1491
6271
3990
3134
6529
9826
9664
4950
5729
5221
2585
7072
6280
907
2493
3366
9681
2846
1577
6353
3652
1193
287
6010
2359
7544
76
1181
3732
9404
3239
3695
2685
4003
3037
3633
7310
9335
8267
933
8115
102
1019
4993
8890
2418
7316
2546
8201
6825
2123
9939
6883
6072
5694
7134
4183
2284
8866
2066
7050
8921
1962
2950
1814
5359
5548
9037
8114
9033
2143
4026
836
5144
2696
9685
1700
5631
5653
5935
467
2784
6009
8434
604
8296
8777
109
7066
1878
694
4431
2459
3025
3260
6097
1651
2971
746
937
6820
2400
5204
1308
6380
6612
4870
4804
863
3676
4617
5922
1334
7115
9482
8518
8504
3296
2505
5293
9193
8270
1760
5098
5537
4877
1381
9656
830
6991
4673
1102
156
1285
1170
884
8627
1058
2685
1413
9682
9744
56
7622
2587
5426
3912
1510
2047
6570
8582
1302
139
1548
3383
6603
3475
3235
1004
5634
1518
1251
1255
3171
9858
7598
6960
9113
8386
8714
8103
7985
8165
9859
9322
2705
169
9773
8553
603
6007
3677
1912
2241
7481
9321
6469
3355
2937
4156
6619
9831
4508
6031
2310
5425
3743
6085
3767
6148
6160
6261
6506
7631
704
5645
5735
1099
2488
4196
5014
4700
1242
4081
7207
4310
1881
2875
2576
4402
2204
2065
8680
6305
4750
3595
2004
3552
170
7088
1519
3164
9381
2361
2863
8104
1164
1558
6886
6525
9344
6416
7255
9042
6383
9006
9610
892
4773
8252
2849
8967
7331
8680
6380
8437
9663
5423
4089
647
6347
3785
8880
9594
2410
2128
30
1795
560
2118
6337
959
234
8903
9892
9044
3375
8044
8538
236
3445
9634
9088
8147
454
6859
414
6798
3588
9443
5743
7214
8955
2182
3250
8662
3766
7120
447
4041
2149
213
6382
4632
1581
7810
1588
4763
240
6387
2143
541
3183
5959
9909
445
8718
9521
216
6818
5031
32
6492
2862
6289
1121
3532
4615
4433
3651
4442
6514
9730
1563
6358
7105
9506
8506
9969
6430
2781
9292
81
9336
7901
5377
4583
1774
8114
9649
1184
3881
2191
780
2682
143
9957
5041
4599
7189
9556
1712
230
6597
5951
1952
6032
657
1519
2805
6705
3382
107
7613
7976
6868
1207
5258
7504
2685
2410
8597
8527
2700
2964
33
9615
3481
3808
8445
8364
5450
1206
7742
5613
779
4004
5533
2214
1361
366
7276
1357
5131
1876
5039
2955
9946
6403
3881
5414
8371
4222
548
7885
3475
3871
9813
1108
4706
6072
4207
9936
3947
8383
167
3509
187
7626
3752
7678
9080
183
2168
8604
8596
3823
8091
3652
6402
955
7046
7410
1432
1175
2518
6402
7429
6663
3058
9936
293
7224
5262
5934
1027
9784
9394
7495
1662
3864
6427
1169
9167
9264
4176
5480
2570
2228
3351
7433
2323
9254
4233
476
9107
6972
8819
2726
9579
20
5759
2925
6888
6581
146
4477
519
1032
3975
5194
5611
7542
3436
1239
3534
3907
1979
9671
484
1148
1309
403
4822
8157
1370
6715
8813
5862
435
4240
5964
1247
2051
321
243
1241
4691
9652
5586
1911
2750
424
5387
5101
3029
9640
2348
6263
6243
5683
1483
3486
4211
7402
4802
3143
1905
585
7069
2636
7342
9833
881
5646
824
1957
1824
7147
5865
9820
2106
9133
2703
1047
1750
5220
748
4092
1265
3717
8543
8674
8278
2690
2675
2005
1424
2156
4662
7196
3340
934
3420
4361
9649
2684
9109
17
3892
2483
700
9309
2519
1875
2802
1120
99
2659
507
2122
806
5044
9671
3389
6526
2753
2915
4830
7639
2836
8753
5709
6193
6636
2613
6952
1381
446
6994
4573
2729
1514
9061
1183
7523
704
6767
5979
4939
1027
6281
1692
8675
1484
5171
7995
9291
5441
1213
9691
1888
6984
4202
8708
7141
7239
8930
2702
6213
7790
9943
6352
5415
119
3642
5546
1603
8652
9230
9920
3717
634
4878
2264
9136
5669
4267
4710
8740
6909
9448
9141
9170
7791
3017
8361
9567
8014
7513
5442
9768
2195
940
7364
4742
883
8276
2933
4738
144
4040
1287
1290
1715
4241
342
7475
5464
5399
6404
9986
2778
9564
4
2742
6449
6423
7491
1496
4777
8036
3277
4231
8070
3881
8575
2605
8004
5788
8153
3461
2067
4259
3543
4385
3971
4076
96
7
4588
6223
1070
12
290
1873
2303
9652
5543
6554
8507
8360
9425
8537
280
2809
9517
182
2234
3844
6228
8440
7518
2567
5470
4937
3577
7139
3188
7990
8269
1298
7530
843
9052
3211
1692
6751
5872
2435
4584
5836
1705
5766
1629
2658
4792
4199
338
9403
6781
2404
843
7490
3308
7870
8327
2032
5093
8327
1229
4119
9268
2477
1865
2579
5814
8614
8081
7406
973
7420
12
4835
4197
5659
9909
1333
8360
888
8493
8625
7471
2405
3215
8096
2075
6210
8312
1794
9683
1366
4967
1736
4542
159
3169
6736
1939
2662
5559
5414
2143
4726
7964
1641
2055
8462
7794
1100
4031
1925
6101
5838
218
2606
2490
2716
802
8220
25
3077
1291
2616
7352
175
7043
4752
1178
9528
365
9202
9081
6879
2654
2730
1503
2484
2631
8168
4891
9630
1892
9078
7746
3787
516
6408
1124
2173
6283
20
9456
7795
8980
4772
4650
1605
155
4922
9789
4693
4682
1187
8604
1810
4514
8063
5085
8350
3932
1712
4120
6354
9696
7906
2172
1665
8982
7386
7651
7355
1276
1521
7831
8771
6935
6243
3669
1026
4301
5890
2593
6877
835
7281
5706
7509
8466
3918
1167
9438
9087
671
3410
9074
5003
4993
7820
2342
4120
989
5617
1982
7278
6428
533
5276
9996
1772
4528
9039
1411
5603
2878
5482
1583
5251
6970
1345
9527
1743
828
2396
6344
4029
5072
1189
8573
716
7289
3444
9554
72
7413
8141
4520
1164
7107
4104
4283
1816
5123
9074
3843
8563
2557
818
5880
274
2292
4591
5914
1241
2076
3088
3535
2641
890
6163
5438
939
107
9042
1259
2132
440
2450
7508
4250
6792
190
4876
3166
4966
7397
3766
298
1541
7951
2260
2165
2113
3045
2880
8677
8151
6594
9148
308
1496
3060
6597
8085
1034
2423
4797
2073
6480
2660
6712
6926
1292
5990
3671
2791
3042
3102
9316
4593
1134
8392
1613
917
8488
877
8884
5802
918
1674
1254
4397
3603
3776
4555
67
687
557
1918
9438
4024
9356
1341
4223
8167
4872
7683
7835
2718
887
1828
9024
9568
101
5481
1161
2945
9550
6653
929
1936
9072
8582
3525
6162
3039
552
1357
2146
5163
1191
3948
5941
3184
2107
2197
210
2188
9049
4545
2370
1047
2448
9422
2004
5790
2225
9402
8629
1663
4882
5089
9694
1516
2212
2643
6974
1178
100
1914
5417
4409
9071
4426
113
393
3994
2393
7140
9739
7793
9345
6454
5637
8286
2644
3297
9082
3628
2320
3691
9882
3772
8643
5143
2646
40
1344
4381
5815
9143
5490
7438
2911
1600
9873
3267
7295
2418
1219
70
1307
3523
3300
4435
6155
5191
2105
5232
2819
8292
1234
2363
6934
5027
7438
627
854
1690
2164
41
5711
3432
9630
4840
4501
5472
3928
7139
1339
7066
9498
8110
7125
3734
2114
7393
5856
4979
1174
6520
4593
5471
2105
4957
3915
6319
1115
2650
981
2529
9510
3386
2459
9152
4598
8416
2227
2505
408
9546
7267
9131
7383
6230
6642
1044
6131
1414
6364
9274
8083
7265
5674
4006
8300
6794
1985
9592
3106
5717
1545
4119
2430
5462
2177
2295
9985
5884
8353
1329
2233
8847
2657
5773
8817
1862
5752
3187
1405
1436
2135
131
8247
5571
3783
3393
596
6505
672
9989
9562
2955
1355
3138
149
9559
4891
6517
872
4662
1591
1232
9730
9482
683
8424
3233
6596
9569
7484
4795
7402
457
1111
6410
8167
1392
2712
1640
8803
9568
9696
428
7188
4596
5851
995
5045
7919
5282
6130
6326
9870
9392
3403
900
7355
4484
1087
7258
2419
9143
1635
8104
1450
46
5574
1476
1885
6162
1489
8943
8329
4095
4975
5401
203
3641
1775
4598
4183
790
8424
2147
332
9799
8397
4164
4279
88
9394
9296
5080
1259
9134
7343
8066
7968
2528
1618
6167
5833
374
2725
4979
2843
2428
7041
6327
5782
7330
1444
2202
5672
370
7557
6571
7103
1728
2578
3129
5646
7891
5084
310
9282
6371
4998
1626
181
9554
6106
3284
6163
400
2029
374
4331
5802
8484
4802
3896
6516
2118
559
2369
2215
452
4161
8302
7819
1063
3944
300
2873
2232
87
1010
2602
7030
3512
3493
5492
7683
9806
6713
8311
3744
5435
2921
4674
4730
4979
4728
8988
3701
7904
2057
5856
121
5128
5517
4039
6778
1292
6395
1660
9740
7298
2132
4493
7173
5173
7911
7438
7717
5979
2162
1026
3605
2216
11
1340
1548
1586
142
2882
9352
6788
9112
820
8315
7942
3219
1324
8499
3645
3314
9830
3534
9583
688
577
6941
9194
7716
3511
2809
8501
9544
4570
660
4535
7434
7423
562
2406
9890
2671
7239
4291
2181
2124
946
293
6538
9089
2778
4003
6411
3981
9240
3798
9838
9569
2230
2685
3156
2855
8182
8819
6545
678
6198
110
4062
7268
3090
601
540
3003
7147
3093
8650
7503
8086
1852
7416
3086
6712
6502
5308
4505
3873
479
7861
9283
5638
1128
1519
2871
4292
9292
7671
191
5890
3959
7503
1778
2918
4082
9315
5933
1098
1474
4637
6790
2272
8738
1222
2012
708
2574
2831
51
2450
9378
927
479
6919
5601
525
287
5756
9802
5312
1356
7648
6696
1332
114
5221
2746
5793
5390
9966
7778
535
8072
200
3521
7372
3667
1255
9251
6074
291
8609
4999
2018
8558
833
4482
2165
1782
1349
1140
2517
9830
1001
4539
3399
2459
7639
4631
7436
5477
7935
5950
2704
4926
1028
7984
1474
6026
2615
6397
869
1456
2920
2758
7543
792
9914
7282
2704
3365
2311
3314
6381
3141
7716
3767
7518
5558
6437
8066
4060
4939
4196
5532
6240
256
2542
5895
3183
4474
2366
2245
9018
9731
8415
55
3494
4628
8316
809
6070
9299
1274
8316
7426
8992
1177
6260
6242
6106
3110
9523
7835
4392
6789
3365
4974
9685
7757
1934
5581
6267
1396
2321
9359
3395
9517
3507
3750
2155
5198
7471
1535
2105
3335
4586
2986
6960
9776
3962
6395
128
6083
227
8816
4627
1530
7426
7011
5397
1082
8301
4098
6068
1136
4986
1166
3449
5882
3408
1777
2868
5801
2507
499
8095
517
9780
6590
9564
5218
7184
3536
4672
5170
616
9410
3844
316
217
9191
7834
3851
8108
3751
5949
3562
9737
6285
4684
3022
4807
8925
5368
5908
3991
2473
4604
6237
8003
3046
8429
5286
3536
9195
5041
2653
2043
2682
2117
8354
8148
4322
8457
2634
9220
212
5391
9498
596
1460
8453
7218
6433
1667
3967
1847
5595
1867
9992
6373
2573
586
5354
8309
1762
9170
4796
4972
3381
8512
4155
3092
9385
6716
2525
9855
411
8736
2978
4776
9957
3245
6059
7837
8996
1595
4848
8794
3821
7359
876
3735
8795
9793
1244
3158
7900
5230
1288
5493
4413
4668
385
6363
6002
2188
780
3169
7978
8005
237
1309
3043
4159
8136
2247
9658
2652
6067
6934
8006
1902
7664
8059
5654
6373
5482
2017
823
647
8430
50
9674
4037
4796
5006
134
5292
3294
7160
9130
745
569
1553
7909
5457
801
9209
2026
6672
5857
9762
318
1648
1787
3240
1348
8380
8253
7614
539
7429
86
5867
7382
4629
4327
1941
1212
9314
2860
572
3057
341
4781
4042
5445
2668
9504
7177
1692
7837
9858
6855
8525
7020
5702
2870
6062
1759
8221
8758
4353
9087
9447
9862
7736
9570
3320
5096
9806
6279
6062
9078
5401
2529
1090
2322
2138
7288
2413
1538
3463
2684
5581
5563
7692
7179
121
7469
893
7573
3153
2032
2399
5103
7961
3117
4616
4341
5223
6784
9315
2483
507
5276
3784
933
9583
6016
4540
2317
8719
1833
5829
8405
715
9320
6785
7254
6779
4485
7224
6472
994
7332
414
1995
5333
9175
6653
9542
3662
1556
435
189
4828
4233
9512
4296
525
8061
4803
3954
4175
2840
9261
4544
2052
9334
9302
9411
1204
1063
1814
6990
8791
635
4199
9484
7827
2973
6161
3660
9666
7277
7766
7631
1448
2402
5872
8180
8820
1936
679
8209
2789
5190
679
228
2095
123
4337
6250
9949
8507
1713
5553
9305
5692
688
6025
9962
1910
4667
4769
8909
7890
4900
2847
8280
3169
5368
1567
4011
7201
2752
7056
6824
4748
8987
8010
9684
5057
9356
7413
5054
2279
2112
935
1631
9567
4115
4348
1747
314
5683
8827
1703
5115
4869
4310
9795
2381
1415
3026
3051
8424
6134
5672
5104
4305
6769
7259
6604
2511
6350
8506
654
3077
2955
1497
5042
9869
4311
3147
5285
3905
6402
6915
3000
9520
9698
7532
3186
47
7719
9012
299
6254
2610
1808
9174
813
8593
7997
9279
1406
1214
6643
8070
2988
634
6254
8986
3053
1172
8160
2633
868
3230
2465
7927
6682
5313
8456
7741
3102
8895
1103
9220
7418
8490
8114
2674
5384
5476
2600
3236
9509
1606
438
7949
3797
757
6576
9246
7815
193
2785
5175
3546
1792
9564
6252
8256
7707
68
2699
5410
6007
7689
6221
884
8455
9812
6427
7131
7648
5798
9716
2364
9085
1708
1964
1447
5380
1717
7318
4467
2472
230
9782
3979
2464
6350
9616
6442
2937
6854
6629
531
2103
3356
2351
5
4482
2560
6122
1021
4558
205
1830
1596
2507
9308
42
1578
1311
3286
6572
8330
1936
6905
7118
1136
999
4381
2603
6753
5425
3735
6354
650
2216
2270
530
7604
2449
6284
167
7254
4871
790
4563
3835
3560
5296
368
9526
734
5243
2245
803
2577
3489
8872
912
667
7570
1668
8012
9661
5439
6955
1486
5056
8183
6621
889
9998
2417
761
4655
929
409
8610
4564
5068
8766
3222
9252
1657
9436
2524
6599
3987
2165
4988
3363
1190
2181
5140
4051
5731
9894
7303
6312
5784
8273
8360
2077
5903
8358
5592
47
7062
4270
8236
2572
7151
2015
6067
2715
4697
64
4695
8205
1359
2782
6433
1010
4270
5134
7058
3087
6557
3763
7295
1934
4312
9298
8124
3927
9006
245
1677
8878
6813
2701
3417
8893
9993
6075
2928
499
7988
9217
8990
1421
9947
532
736
7764
2525
164
7799
5575
7890
752
5083
6554
4233
3140
2929
815
978
5716
1520
9061
173
8381
6000
8942
4915
1786
4388
8421
6116
1333
7514
8127
7840
1038
913
1
3322
1665
682
8051
1081
7763
2610
9764
8353
9565
5502
6590
1859
3916
1416
9899
6352
4648
5242
375
531
7651
3752
8152
2879
5973
9779
7980
1494
1430
1003
1026
7709
6379
900
7596
4780
437
76
6386
8698
7926
2140
6715
1752
2725
8686
392
6541
1652
5038
2465
3826
9216
8115
9364
5759
7816
7168
3947
4662
338
8838
5534
8717
3403
1053
7369
8770
4222
4242
5406
3739
2694
9315
4430
827
8759
3369
4772
76
2970
6693
6723
4617
7991
5598
3122
6986
3896
4010
5076
2230
2363
507
685
8596
5257
8380
8306
131
9461
7356
2736
6699
1767
6442
9055
7619
7369
370
360
9349
1761
3382
6277
14
9761
5345
185
2474
9131
3736
5424
3616
841
3122
7799
3273
5740
297
1887
7079
9076
2690
1214
1716
4319
6505
7687
728
5413
4544
2475
2128
3539
1226
9264
8267
3510
291
8241
2886
795
2723
7894
6602
8916
354
661
660
7614
3326
1209
2358
6417
4538
3378
7677
5719
969
733
9890
1249
7308
5062
933
1702
5449
9899
4918
2493
6093
9139
7030
6814
3682
3166
1806
164
5828
1678
653
4917
6928
1607
4312
1877
3759
5923
1614
919
7634
4682
6602
3670
8334
64
4732
7539
1450
174
3881
1472
502
7190
4002
9165
7806
8001
5443
6896
8031
1259
1293
7882
9674
4498
2422
1816
3927
5242
3614
7223
1707
3797
3494
6812
1085
8049
4477
9154
2037
930
1899
8405
3991
8098
1041
479
9855
4166
3792
5697
2636
5667
5370
789
306
4608
694
8561
7946
9118
1911
2591
1341
5654
6031
9706
1746
9281
7568
5307
6356
3550
5780
2757
823
31
141
1278
7532
7813
5967
1887
4643
6398
429
4110
7744
7211
8737
1482
8673
567
1184
1798
3792
8373
9742
8426
1364
8185
5085
9878
2028
4426
7932
1032
3519
5318
9742
1664
3181
1799
9447
2290
75
9108
9390
5132
4477
891
1760
5913
1060
6765
6402
3045
3722
6155
5753
7778
940
4416
2861
9098
3016
1566
3595
166
1158
3214
7498
9630
3788
6130
9008
9698
444
6382
2694
6264
1473
2006
5033
8695
8314
1817
675
6884
3206
3743
8025
1307
5265
6254
3174
1552
8990
7987
3609
1366
1077
2672
7514
2752
6510
3057
7794
5638
1055
7731
4459
7803
8803
8534
2198
2636
6364
1218
9100
683
8954
6425
8887
4061
156
4444
4754
3712
3190
5552
8878
4577
6100
6802
3110
9262
382
905
9013
5911
1004
5131
3559
9626
1180
691
6957
2048
3234
8465
3221
8002
2319
2802
2426
7055
2453
6657
1079
7170
4569
1134
3138
8480
1146
5646
9590
9743
9074
1316
1473
2286
410
9183
9776
5040
9027
4771
5848
2746
9666
8444
6567
9216
2060
4785
2169
8347
2787
1957
3775
8638
3951
452
1261
3257
8320
1708
5939
9901
6434
937
4047
800
2114
182
4880
1396
6337
3152
1006
2052
2967
205
9112
2590
4346
4830
7870
3655
46
1873
4753
4411
9567
9770
2647
596
4589
1650
355
7790
8183
800
6741
696
5516
3656
2622
9469
45
3217
7398
7716
1463
8028
7282
8740
9984
8705
5952
1276
1376
7628
1300
1442
1522
360
5064
2619
9642
3530
256
9355
217
1410
6860
8253
6575
990
7665
2388
1728
1199
58
4531
6203
7583
9483
8938
7191
2723
135
2706
7710
1838
3762
1804
5631
5111
6345
4020
1422
3404
5040
2892
303
4886
1772
182
1203
8798
6659
97
370
1105
2385
1560
7562
8704
573
8504
3286
6507
9739
8177
3779
6816
7858
4382
1279
4686
9920
9928
9970
5950
7789
1816
6386
1124
2750
3004
7409
2323
8235
1500
6826
255
611
2765
4173
9223
1854
8949
4070
5762
6916
9424
9796
1800
4060
1491
3561
5829
2055
6975
5278
5546
798
201
8281
565
2824
6439
385
7570
1937
2317
2129
6514
1032
216
8459
58
2152
1371
8911
8431
6650
6921
2540
2961
2056
5026
9446
293
7380
6065
3897
6264
2810
3397
3213
2496
6164
1711
2954
869
4829
7851
1950
3824
5544
8115
8333
5667
5666
6448
7352
6842
6757
5410
1505
3392
5214
2002
541
5909
2289
1302
3403
6334
7323
5717
5813
3981
2537
8779
2357
2083
2119
6831
3834
9443
1643
3236
2730
825
4116
8285
1882
2795
653
68
5516
5887
1654
7324
3096
6589
9845
1061
6862
3686
1512
5521
5354
9861
3470
9109
697
6933
9303
7569
8268
2867
4122
5556
9915
1077
5670
3337
8556
2475
1818
5879
1652
7397
3176
8248
9068
1254
4871
2455
3895
7639
4537
1824
5748
6591
7165
2899
2799
833
22
9033
4845
7975
6139
6554
872
590
2176
7646
6375
7073
2100
1026
5249
1802
3565
7150
3987
4903
6097
8565
5153
2746
6470
8764
8314
5635
6349
9086
4511
1665
9898
7007
8868
3655
6455
6448
7608
3228
3002
7906
4514
1094
6180
5199
5437
5447
283
8757
6325
8616
6778
9508
9538
7717
4903
59
1780
4538
2118
8110
8240
8701
3772
7930
9211
2107
1127
6956
8691
5319
1196
3167
8486
2352
3264
6820
2365
3299
2779
8455
1961
5713
1306
5839
6978
5427
8340
86
6748
8618
8400
9146
9114
8139
5701
7828
7687
8844
1809
1303
947
9048
718
4827
3978
9209
9234
5818
7212
5559
9718
8442
3112
8363
8601
7917
1194
8441
38
2805
6759
2046
9187
108
1591
5878
6187
3379
3522
2689
5759
3145
6686
4598
1352
4942
6856
569
4496
3625
9408
6585
6210
1575
474
2045
1487
9301
1394
6257
9699
64
1696
6763
1303
410
8380
7507
4952
848
7812
242
3063
8714
7548
6314
2722
5154
2085
6950
5060
4873
9409
2131
3817
294
1078
2784
84
2288
3345
5298
3476
6062
4381
5259
5476
973
7684
11
930
4386
9060
4184
3875
1905
3430
9930
4741
4989
2043
8346
2533
8465
1464
8717
6081
462
4900
7147
4576
3446
3840
1684
3969
2889
2278
6101
1426
5917
7028
71
9507
499
411
7738
6714
6423
2483
6416
3767
3561
2050
6364
5818
2042
3613
3181
5764
4761
1022
2246
6284
5311
2390
2928
1299
2215
7492
8401
10
3634
9431
4063
5282
809
5185
208
163
9173
6652
8132
9842
636
993
389
4957
7516
3847
5901
9305
3757
8697
4041
6590
4690
604
1773
3728
9137
9535
1816
450
1251
8931
2521
4838
7598
1341
5906
8408
8561
6137
9900
7756
5567
6241
348
53
4463
5023
3108
5128
7603
4592
6269
9711
1593
5577
2355
1506
2799
2558
2081
963
7402
592
143
5673
4423
5943
7993
2928
1731
7697
7938
8751
8361
1498
2249
6810
7803
7180
731
872
9875
7240
3209
2696
7530
2662
2971
9632
5768
8122
5476
9206
9453
8807
9624
2802
3807
9000
4636
1875
101
813
8158
7746
8612
3411
5413
5460
7352
2455
7161
627
3733
2588
5221
959
1054
3771
9916
1249
7430
9658
8826
1825
741
2384
9517
2153
5085
7928
5620
9625
8285
1524
8934
1644
1030
500
6934
2907
2733
1240
9414
7696
4688
3986
442
1678
1149
6303
5342
4255
591
775
2266
2142
1641
7762
837
1638
5480
9246
5736
9994
5173
4127
4500
2103
984
8694
9990
583
9539
6646
9738
1831
8910
9426
8623
1468
8302
4218
3866
2993
7644
2488
9244
771
2963
1334
1528
8385
1802
2419
5856
8558
5619
9478
7087
6154
7890
5793
2765
5520
4866
3881
1774
4769
2149
1541
6220
8704
7275
6966
2566
1023
3333
7686
985
5626
2553
6051
3694
3202
1513
6014
1860
2030
8751
1151
320
1117
7356
2540
5058
7582
1778
3642
8857
4692
8046
3139
6842
7364
8794
552
1613
1121
289
6665
7560
8522
6997
3122
1904
1650
4429
1544
4013
7184
9667
6517
4750
5224
9038
1552
4445
2234
4842
7649
1252
6233
5361
6131
9103
9791
2324
3707
1940
9743
1802
4360
4049
1339
8845
4779
2117
199
2720
9625
4818
861
4965
9502
3393
1459
6015
2853
1814
7770
132
1413
6149
8776
2437
8142
2166
5625
1601
7253
8645
865
2438
3115
7149
6021
4921
4277
2757
5610
1977
1048
91
1038
9983
9523
657
950
952
8337
5830
2552
2454
5935
438
9850
8276
363
1268
106
6328
4734
5447
6607
190
2684
5794
112
8019
8665
6409
20
9071
1245
4497
2985
8791
4251
647
5113
1633
2847
4004
6074
5353
8774
5167
7269
1460
2467
4963
4074
7715
719
4066
6609
8170
7456
7771
6756
2433
3246
2584
3083
4299
5826
4939
344
9734
7919
1626
9044
3730
325
1624
9594
1109
5747
5542
9763
1230
462
9578
8433
168
6336
7615
1423
1842
3698
8637
9161
1197
1580
491
5369
3077
9500
2705
4049
4355
3014
7091
1520
2499
7660
4523
1038
6274
926
2005
2506
6410
531
1986
9687
672
8200
8901
6354
1789
616
7266
3367
8845
3789
3496
4964
3173
4390
5788
638
8472
5817
6392
8835
6619
843
148
96
599
7710
9156
964
3711
6266
673
9940
3875
6719
7661
7616
949
2058
1377
6550
5882
1015
1897
870
4706
21
2099
7782
6635
864
6883
8198
6051
3275
5419
4823
877
2220
217
3207
2199
3132
9137
5824
1465
559
5021
8947
144
8209
8162
414
7083
7122
1221
1302
8454
6100
3486
2145
2133
946
7308
8802
9715
8531
1640
1642
7101
4367
1950
7597
6056
6769
4186
644
1098
2174
111
7761
8087
501
9198
2264
5962
5303
85
9227
2007
1433
1718
7062
9758
5415
3337
9053
579
2060
9588
1507
764
5087
1434
3405
4587
1920
3171
9462
9165
5044
683
5156
306
3933
8300
2234
1997
7005
5104
8527
6382
2236
5265
399
270
1881
7572
1041
2267
3949
1655
6505
4869
6342
6518
7423
2216
1810
9524
5711
6331
906
4183
2514
216
6450
901
1598
8941
1934
9822
5065
2179
4902
6986
1155
1469
1741
5077
8837
7986
9999
3543
6020
1151
1114
3673
4587
8487
462
4453
8424
1996
5287
7757
6597
6355
7867
7439
6154
6514
9119
9176
3921
2349
4927
1974
5626
8818
9118
2306
5728
1602
6810
3198
5036
2849
643
1835
4585
5295
7613
8015
6695
8760
1973
9940
4452
5145
8177
4436
4536
5940
7546
7796
6623
502
750
6943
2940
358
7457
2645
4220
9329
9461
179
1369
6404
5498
1333
3553
2425
4871
2504
2454
6263
8537
1733
1271
2595
9243
8955
9278
9947
2759
7245
1147
2596
2684
844
594
4561
8465
4709
496
9736
2137
1822
1203
5296
3431
4957
6843
9246
6787
4603
3228
112
813
1063
6997
9833
7570
8605
1910
7230
4094
1544
221
4176
5681
4245
8914
4171
2100
2971
2724
9278
9197
1544
787
8973
7057
9661
6255
8548
1482
3229
2145
188
8425
18
8024
5874
2606
4305
631
758
6373
3343
254
6978
4867
5491
8293
668
7650
7134
8288
3997
6874
7768
3663
8387
1713
2093
5573
9939
5555
616
9628
9571
6485
7615
2727
4856
5670
5823
8169
3931
5447
7753
6868
6785
13
701
1955
7035
4357
1062
1020
3355
1575
7767
4512
3225
6526
3060
5030
8149
1943
611
1703
5613
9431
5332
7627
497
2722
2400
5619
2725
3722
4046
4904
7271
2757
7612
4261
2226
786
5547
1200
6402
8813
9355
3615
1912
8881
3066
1304
8560
3757
3767
2761
1634
4426
6043
2298
7174
4364
7659
4143
6316
9095
3959
8419
7226
4916
8966
1329
6695
8227
1078
3860
1768
9811
8126
5778
4376
9953
2311
3060
3374
4286
7787
4490
5225
5188
2316
1693
6079
1369
7464
500
9847
485
619
5147
563
5713
821
3185
9635
64
2302
4944
1509
4898
1288
4179
9281
9175
6852
5411
8213
3153
2615
6946
2716
3693
3646
8284
4596
1924
6527
4283
2735
3372
4082
346
9082
6244
8081
7147
1741
9633
796
5149
35
1810
8287
7592
4027
2538
6280
2684
2749
2927
1507
7481
3633
2943
9225
8223
1388
547
105
682
3132
8726
9637
4646
1399
5015
5120
8905
5215
9597
598
1617
4104
2922
7421
4859
7517
1524
3275
5654
2848
816
9336
4584
7313
9727
9637
4111
4081
238
6765
2186
3462
8537
1195
1737
6785
7936
700
8674
2687
8108
7142
5174
2830
787
4761
7651
161
8634
5750
7083
1188
5899
445
1269
6291
6328
7931
6066
1577
334
2851
2419
6581
1357
2364
3449
6866
2791
8588
574
9366
4343
5556
4162
8747
9828
2460
3240
2797
166
5775
6178
8339
2969
8027
1689
1841
1583
1314
2354
6205
347
788
2301
9617
5691
6449
3600
8384
7541
8633
8788
892
4038
7894
7839
1208
9110
445
4498
1610
672
2353
8594
7219
385
5816
2828
2273
2591
3922
5989
9877
4428
775
8353
3969
4907
913
5221
3204
4786
8458
4798
7177
5648
3142
4675
7452
641
4724
1592
4911
8495
4177
1973
8637
2220
3630
8967
6333
7470
2356
6437
5160
4138
4629
2693
1470
2324
148
5024
1078
4533
1767
3987
1333
6958
7211
7896
7073
5532
4618
3060
3590
236
6873
402
2984
4417
6293
2752
7035
5364
1839
9609
4208
5676
9172
275
992
7822
1010
7241
8573
5894
5576
3499
9047
1239
2942
1637
317
5071
7221
269
4501
6287
224
9953
4078
7561
4707
6897
8899
6442
5595
3400
4291
2651
9006
3345
143
9539
8980
4248
2915
3695
4678
7150
904
2788
2870
4785
1481
2419
176
1884
3237
5295
943
7610
9781
9644
3090
5249
2415
9128
2704
2156
7802
542
3115
8057
2498
6632
2001
5941
6446
4629
9944
7749
4528
2460
923
7142
1053
912
2736
3239
4126
6932
8205
5109
1382
6065
8970
6183
2341
1173
4711
2204
5021
5006
2721
2322
3139
2056
7714
3128
1095
7267
23
4774
9047
1064
9030
491
9105
5757
9167
8663
3000
1895
2578
635
6985
6864
4881
6445
3871
282
87
784
8579
6339
2362
724
1416
9785
5149
1369
9446
351
9642
2234
2325
1504
2206
1368
5293
2339
4276
3620
4427
7440
4326
1586
886
6723
4977
2842
4771
718
9769
9888
3462
2244
5421
9606
4346
6515
5804
7137
3667
33
4073
2505
5425
2171
3467
4453
5464
7913
1719
9175
4478
774
3410
1811
8661
495
8417
7782
3242
538
548
7956
2540
2297
291
914
4289
1039
2567
4422
3813
1570
1900
8028
6453
2482
7221
1946
9515
9912
161
918
7962
8434
3949
7142
9309
2143
442
9273
1755
3286
7216
2644
1038
6252
1443
495
1268
4869
8021
8129
5061
8698
2252
4073
2247
5644
341
4191
7998
4872
4345
8347
5655
7980
6991
9860
1415
8569
4067
5387
5984
9065
3189
8057
9300
8498
3893
421
2349
8844
4446
5147
4940
5952
336
7050
5616
3122
1090
9053
3817
5040
2327
8252
5373
2459
513
5923
6987
8549
1156
7028
1407
699
4348
281
8326
8070
5969
2204
5026
3757
1050
1578
6095
3581
6368
7893
3639
7403
196
842
7764
1769
5476
7491
8132
1479
9418
8813
2081
5500
1349
3468
3937
7573
3500
9085
3163
1406
3776
9116
9372
9727
1202
2744
9065
3704
9413
3140
9366
2000
2548
7551
7446
3818
167
6822
6451
137
1074
2921
641
3014
7599
1275
3758
95
382
6221
2285
9586
5033
5566
5891
5131
5197
2108
3969
1386
6309
4926
4579
1448
7193
1925
3896
4588
8856
1535
7124
89
4242
7390
7266
2090
3401
2617
9790
2464
6120
9890
978
1099
9701
6024
6591
9368
3027
8957
8814
5258
2747
8219
8103
6844
5644
3154
498
4886
80
2517
7373
1246
7377
5046
3373
64
8331
5263
2456
1601
9844
274
723
9073
6586
563
4983
2863
4380
5189
3961
9665
3884
818
1962
9236
6339
4112
220
2929
2918
6256
1463
1777
3095
7928
1035
7218
6974
9811
5382
8218
9306
1239
7048
4043
2274
6552
548
9832
7569
2987
426
823
2034
6125
6916
6231
1880
5189
6686
1572
1458
2072
5161
6409
3708
7292
1905
4006
5529
6926
1998
2354
1952
1400
3368
1186
9429
2493
9807
7210
6137
2679
3273
5123
4516
4835
7997
1998
4562
7691
8639
8312
1404
2117
4669
5359
1225
3610
2762
7220
7973
5641
8937
1233
4928
7516
989
317
8489
4188
9710
1261
7789
2113
6526
830
6427
8780
6204
656
842
2137
4409
5285
6237
8607
3225
5402
1813
3802
1037
3829
6056
5051
1567
4176
6769
3869
8029
1429
8744
8571
1481
3739
7156
49
2720
847
1710
9856
6810
5654
9639
1031
210
7570
2748
2126
38
8803
8569
4004
3745
976
380
9851
9527
5991
1244
1186
8801
6385
1722
7108
618
2953
5798
9999
3352
8255
7621
24
8287
8696
1265
3324
4611
9352
5506
6090
1356
1618
8748
2336
3023
2142
9320
4803
8427
2509
7976
3875
1665
7226
565
9630
279
2706
4971
1923
6734
8005
6424
9610
6147
2509
5729
4418
6835
2222
693
3979
1091
926
4838
7830
6127
6519
7333
266
2609
3355
7357
3864
5636
5096
8963
8800
8969
3356
92
9461
9066
5226
9232
9007
6334
8077
2734
4464
2924
7949
6735
7642
2963
2064
719
4270
8201
5170
9418
2199
3458
9176
5635
3993
4852
1314
5611
2884
88
7983
6272
1006
6132
9685
2164
6975
4599
177
3376
4526
9572
4636
904
8989
6659
4159
9968
1889
1204
3800
8351
3860
22
6109
4291
9086
263
7376
822
7441
6844
8996
2784
8628
4371
3023
5724
2339
2663
7377
1215
7652
3061
6100
8246
2765
7836
132
320
133
522
2752
8525
9640
3925
6850
6196
7647
1782
3884
2683
6399
5645
1523
1362
9152
2577
7056
7121
3985
5447
3732
1204
6107
325
796
9891
6547
1959
5622
9207
2131
8353
5315
6570
3995
9990
2350
3919
2932
7833
8843
7058
9286
9938
2787
2368
3083
4660
1007
714
1939
4908
7091
6294
1369
652
3517
7511
9045
2153
2830
990
1300
322
3881
737
1445
9010
7353
6955
4645
264
440
1427
158
837
9965
8626
7371
6885
5973
335
751
4513
3557
5293
5831
2916
303
6088
733
8589
7748
6956
3662
1637
1017
1511
4878
6050
2092
4496
8939
1578
3193
8279
4207
4796
6792
5422
954
6171
457
8665
6111
925
3027
6706
2173
6643
761
8384
5986
170
6319
5321
5531
7090
1163
8230
7247
443
3359
7126
8412
2793
102
6181
2225
5936
8029
3902
4751
6256
7604
1695
3770
2311
6421
1500
1220
6483
1908
3239
6475
1767
9351
1230
6898
7664
6168
773
7102
1960
6201
5126
3186
3883
3272
1478
6765
9880
6691
441
7825
1530
733
3193
2312
1112
5682
4803
5778
9434
6471
35
6706
8061
7606
6754
6970
1160
5288
2332
8596
4640
6691
1239
1523
4409
9447
9360
7049
9294
6819
8344
6762
1507
5037
3008
8688
200
1010
5904
3409
4849
747
7006
9550
8628
8401
893
1405
498
5186
6644
410
4026
1925
9601
6441
9051
2778
29
6830
4504
6245
5074
1825
2513
3116
1530
1612
2255
3631
3786
9815
2735
3976
1855
7943
2852
7315
5112
610
9254
1631
7988
5126
1631
21
8509
4634
4840
4826
2533
5461
8415
3824
2255
8030
1532
2209
9698
9235
5924
1326
7129
2686
9918
37
3903
7653
1620
3713
2265
8673
5052
6103
9492
5393
7703
2894
4258
320
3930
4558
926
660
4363
6669
9512
8537
3438
6965
1757
8701
5825
7370
8774
1693
6644
218
3013
48
3485
7990
2139
6130
8939
9185
9293
1156
9530
7942
9000
3090
9127
47
8114
7445
9956
147
2323
1258
2685
9439
8037
1058
844
3288
8488
2956
9978
4912
9593
9328
9576
3256
1443
2733
4317
6101
8838
6262
7600
6358
119
56
56
2308
7545
6431
1537
1723
8635
6089
8851
792
6641
1883
5838
2707
2967
1811
408
223
7363
9757
4219
7488
2123
2986
9704
5020
5655
9086
1136
357
6392
7545
6997
4230
441
1065
1420
6044
3317
1070
6630
663
6217
654
2703
6433
8604
4505
2470
1358
3356
6736
3246
8613
1978
5073
5973
3214
7817
3606
6403
3180
6290
2799
2581
8877
4108
7629
6187
7087
8171
4529
5838
2261
1494
8612
999
7370
8717
7576
4124
934
2379
191
1227
8351
1272
859
1884
8130
1171
4933
97
9090
750
7809
9026
8416
9161
770
1159
9851
1924
5707
1413
8970
7743
902
93
3912
789
8471
2913
1742
5320
1187
4232
9448
2734
9726
8548
1857
413
9939
5954
3376
6563
1016
1970
7959
3993
9664
392
4825
3000
3058
6178
1581
6317
7194
8090
5472
1993
3855
4270
2911
6380
853
4303
1205
4947
4739
2199
8354
783
3864
3678
2349
5753
74
9406
4492
5843
7391
9446
9057
1216
4255
7004
5526
806
8297
6294
2492
3667
2374
8747
2049
7534
379
7750
2881
1728
8179
1419
7294
5298
316
1708
7810
7272
1856
8910
2404
6959
1559
2616
7850
6083
6187
9724
6414
1956
5084
281
1972
2378
9125
6480
331
4070
9327
4086
3058
3819
8772
8217
4684
5821
7431
2758
3655
4233
4146
5946
730
5669
8144
167
4765
9577
2188
1450
6189
4447
8490
7131
864
3318
2884
8261
4646
125
87
2630
1344
6126
4464
1417
6709
9225
1713
5506
6499
9443
7784
6633
8676
846
5954
9403
2689
2299
7580
2718
2506
2877
7818
2660
5447
1376
9948
4465
985
2074
5117
3136
68
481
7949
2194
6961
8461
5266
137
3983
9870
6219
1141
4554
7441
3861
828
7231
7312
4129
6415
2126
1320
5206
5883
257
8367
7523
3357
8284
2373
2472
9626
3654
1178
69
2382
903
9793
258
2803
7538
4947
3185
292
6853
8183
1874
6450
7790
7376
53
551
1985
5463
5621
2857
3623
3035
4803
8321
1817
2327
8576
2093
9245
3907
9183
1699
1408
29
8922
3927
9621
2729
3332
7263
8701
6342
1759
2548
4791
3876
5551
5484
6426
3235
4095
8374
2129
6589
194
7861
2566
2711
4380
7569
546
1283
1795
1146
1523
2058
7392
2671
943
9272
6058
5886
633
6808
9189
5836
9682
659
7271
9463
6129
1411
6795
5962
614
1628
5786
65
3387
3149
9206
3518
3980
8387
7465
683
633
1007
3566
6929
6009
9257
1677
6808
594
3941
9901
2832
4934
4037
8309
3088
255
79
1651
7884
7711
7680
8417
908
9009
2113
2437
4443
8068
4458
8360
7086
6601
852
6474
3334
347
9827
8020
8567
5631
3715
9693
3257
4044
6178
3745
2078
7068
7103
3262
5142
8611
1202
5841
4256
7104
7548
4593
8050
1282
5664
6938
5018
860
4418
5214
21
4972
9518
1062
7585
5737
2652
2735
5567
1531
1715
7875
7275
9471
3660
757
238
8459
3881
3329
6323
4447
9013
3490
9081
1421
2333
6566
1497
554
1232
1712
3864
229
9331
4301
7103
2775
5048
6025
5257
172
7743
1443
4637
7777
4237
1630
7181
8958
3261
9833
5678
3526
1077
7009
8249
4541
26
5365
8657
4698
7974
9034
3238
1949
4425
7680
3785
8786
4045
3861
1025
9302
2751
8873
5245
2473
6635
674
8715
5605
2119
753
6009
399
9922
6932
2234
7723
5694
2365
3755
4181
3565
9235
2486
6989
2424
2055
1110
7682
7797
4442
301
3746
9386
2109
2531
5920
9197
1049
783
2152
7389
705
8891
6832
1207
6804
1987
3535
3218
4119
1934
5602
5772
1042
225
3228
9576
8570
5984
8014
535
496
4790
2119
2760
4007
5046
7886
811
1516
9139
606
2938
6289
1021
6465
7737
1306
2734
3872
6172
859
7924
1898
7371
3249
8271
2339
4594
6513
2125
1278
9804
351
7700
1294
7681
2176
9232
10
3677
5361
2733
4000
9555
553
5912
347
1794
716
4593
8887
5062
6498
1571
8948
7218
1943
5479
7017
5885
9924
3910
8076
3691
703
2670
4703
7582
670
1111
4108
6076
9777
4790
4693
7730
2993
498
1397
1737
7075
5797
6987
1784
9698
3381
1737
250
1580
6675
5447
482
6524
2531
9181
828
2776
382
8497
1126
4459
132
6638
4063
9253
1734
4998
2110
5089
6835
5480
4774
9096
9474
373
6232
8341
672
8192
9178
4984
5417
2373
3415
1551
2604
7244
5927
8930
250
8157
8369
8797
7023
4229
4238
1108
1493
6554
4271
4769
1029
7564
7586
18
3023
2269
6928
6753
1420
5346
4491
6740
9538
794
1110
5622
8328
5087
4245
1589
3195
4650
1832
9854
8704
9852
2050
1029
1802
6490
8254
6410
5375
24
1236
8680
886
1386
2088
2944
3187
5943
1059
5334
70
1967
1383
6873
1793
7406
1581
8777
569
2737
8194
3012
4447
2185
721
2002
2527
2957
9490
6370
1752
8181
1796
2292
5165
5765
9622
2441
4187
6294
3229
6551
2317
9243
49
9889
4669
9074
7048
8582
6300
5433
8295
8409
3107
1780
4022
5378
8874
668
3107
227
9929
3690
1418
5357
5005
8933
8836
1683
2222
8424
6958
1775
319
391
7084
8468
9285
6835
300
4693
4747
9547
5439
1556
1429
1062
1798
5341
6484
9823
1162
7235
6490
1152
7263
7979
1054
5442
1497
9096
210
6228
3216
5223
4083
8042
3856
92
7553
7608
9844
3628
4543
7375
9859
1021
6813
5398
4443
6138
5269
1645
2638
5868
1442
4271
874
3094
4392
3638
3534
2319
8960
8243
9050
9477
3426
317
4197
9760
2040
186
6421
7508
288
540
5947
6284
7939
2030
5660
7619
1108
1151
679
9348
4379
9694
3268
9238
3138
2887
570
2672
4399
3180
4820
8883
5828
3592
1636
615
2132
3536
9625
8518
854
8923
5021
3273
2446
8371
6930
5231
1387
4380
3662
1813
2779
5941
9844
5011
6918
813
5157
6227
2041
1624
1431
4455
3041
802
5557
555
635
8499
9591
4441
1081
5123
867
2668
2024
943
5812
1719
7760
5629
1354
2150
6475
6173
5474
4613
1322
3297
1240
2736
2516
1567
330
1739
1088
371
8878
3923
4406
554
9767
5892
4545
3837
5892
6061
9015
6442
3178
3729
2316
218
7683
159
419
6494
6646
7844
7911
5547
761
1167
9881
8408
9045
4645
1963
7285
4841
4279
9261
8126
4145
3553
1861
5248
504
9796
5348
8972
444
9670
4183
26
1810
392
7451
2111
7625
1800
2517
8258
4290
5240
2240
2187
112
4383
3624
2013
221
4399
9527
1511
30
2007
1310
565
968
6665
6375
1740
9571
6318
8456
9653
4285
3849
9995
2873
8754
1945
5243
383
9323
4051
1121
7585
7684
6064
8304
1590
2115
3507
8494
2876
2502
4830
6516
4787
6011
8676
1496
6434
5830
6050
1737
7492
2591
7978
8362
1571
5386
9344
6627
201
8587
9753
2100
9458
3689
6560
6971
5766
1154
43
3496
101
8255
9501
3231
8404
6826
1518
3534
5543
573
4072
2128
5727
9437
4979
5217
5638
4487
9587
1475
8713
666
2640
4176
1766
7829
1111
2097
3621
3826
1663
5294
7403
6227
3566
2551
8461
3227
8397
4898
35
161
5657
934
7565
625
5196
1112
1610
803
9404
6100
710
2144
2226
1470
8643
1426
3325
2121
2492
9083
5239
1464
9174
1433
168
6003
264
4728
667
5885
7213
7033
1678
3731
1703
2722
9261
8951
6198
4086
5585
14
7545
998
2773
7686
1636
8039
4106
6989
739
7270
1323
238
4446
7738
9747
3853
141
537
4430
6372
7326
9709
8606
367
3396
920
5951
3990
6290
1238
524
2536
521
2131
4995
1648
6927
2844
7190
8147
2209
6730
2452
9431
2426
8476
3880
6171
5443
6788
5008
4130
5261
8950
208
8353
6157
2876
8792
4908
7880
8637
2212
652
7504
143
514
2836
5341
3258
4681
3012
2847
1663
376
7517
1426
5833
1437
693
4547
1011
4167
7582
7779
7131
1390
5011
4522
405
7761
4434
4365
8738
3168
1152
2915
3795
1244
7545
2341
1080
8747
503
8548
8734
6065
2550
2703
8073
9659
9429
9621
5966
7357
6431
1815
4404
1583
6395
4050
2251
9283
8720
2092
78
9818
4029
1132
1541
4472
2728
3567
4815
1621
1046
1769
1534
4165
7707
6617
1235
5850
8658
8320
8571
7545
9342
1714
4234
6891
1762
4093
6855
1764
734
971
6200
3113
6315
5859
1536
541
7690
9301
117
9437
1031
3221
583
4078
6820
3703
9135
2915
627
2092
9908
1379
9027
8156
627
2410
176
9493
4048
62
4100
9394
9496
2373
2706
9055
553
5173
4084
4460
7652
2861
8355
177
6098
8882
7768
1905
7205
3820
785
642
752
1955
8854
300
3674
1603
8364
1647
1662
1016
7561
2090
2902
2518
473
3705
602
1607
1457
8607
1396
5387
2418
2629
9686
8107
4625
1041
5886
9903
9924
3002
1576
4353
1775
3642
1236
9073
95
7446
3386
2377
6679
6731
7131
8532
90
1049
618
3995
4472
8708
3099
1649
1356
9896
2651
8800
8277
8333
1697
2562
964
923
4243
101
1397
3856
7259
3945
642
336
5371
6651
436
92
1742
5463
763
6118
8162
1241
2912
9139
3363
3573
9273
6786
8762
6153
7501
5645
8934
6031
9400
9950
3081
9943
3681
6788
3462
8180
1243
9253
697
21
169
1893
1304
9495
3205
7736
1560
8697
6146
1685
3332
5921
7312
6365
410
2877
3425
5018
741
141
1162
1114
6578
3839
9707
1854
4877
4874
1875
6926
2140
6191
9566
960
9232
4108
9632
216
2231
8164
1430
4466
4692
1820
7051
1022
2451
2598
5064
364
807
4787
1984
312
2919
965
139
9719
5385
4419
4017
9875
3869
7009
7434
9058
6718
1151
8227
8894
9588
656
3908
6849
2445
1694
7104
1408
3901
8155
3788
3002
5060
1003
803
7856
4447
4177
6297
4614
1105
40
655
7339
2515
6307
7702
7062
1034
9766
1448
5665
1673
9174
8307
9003
2134
7102
4823
889
6241
9909
6083
1660
6578
4348
2523
3385
3202
8316
1852
948
4238
3327
739
654
6103
7133
2187
8786
7229
7467
2181
7914
4525
399
7245
6807
2616
6902
3530
4929
2342
3594
3558
6939
683
1518
1855
331
5385
7436
8366
3305
3062
8706
4726
1110
5120
1751
5055
7150
6430
4596
8659
4049
40
2993
8456
8014
6058
2781
816
1713
4773
2467
5709
9615
1542
969
3945
383
9659
2042
6981
5372
3635
5127
4576
9320
6982
1641
2826
5251
7541
1563
1242
1805
5347
2069
9261
552
7940
7563
7472
8753
5796
3464
8848
5104
5564
597
975
7949
3312
1855
6730
1014
5325
8216
8217
1391
3265
9196
7142
825
8315
7142
2866
6102
8965
1956
4868
8684
8750
5833
1331
6280
6301
8273
9942
692
771
58
8330
2300
1633
8578
1764
5966
810
8123
5080
7217
5242
7094
298
9015
8743
175
2434
1189
9110
661
1141
5154
593
6077
6193
1086
5176
9495
8313
6614
2966
4609
2898
5429
1301
2058
5821
1677
548
602
3335
4950
1112
6161
1405
6838
3201
5101
4819
5106
3695
3711
7991
9043
580
4080
7362
5453
2699
8944
1167
4972
4026
5104
5839
352
3156
2433
6059
394
3842
7004
5420
9303
467
1971
7464
4253
8305
9191
1933
1380
2023
316
5987
2375
1904
3994
6109
8219
6080
3190
5297
5279
3609
8000
1512
1108
503
750
6456
5614
7773
8745
9744
7708
3668
6550
3363
7557
6752
7015
3352
1796
8630
6131
817
3509
8299
7268
7980
6480
2223
2479
8151
1686
7450
4282
1319
8297
805
2809
8874
4401
2732
2841
682
6924
1394
1136
3573
8758
1782
9812
3996
233
9444
8796
3289
9286
6815
3716
1717
5589
9422
6277
6760
217
6293
8836
7090
5240
8454
2553
297
9530
9655
9140
6884
6432
7861
651
456
1735
5481
7814
6449
7756
4554
2399
1027
114
5044
5988
5873
225
3975
3263
6046
5378
2499
3848
7698
4585
306
4216
2831
114
5558
322
8500
5039
374
1998
8722
2240
2179
5157
7566
4756
9279
244
614
2112
6656
6794
2200
5022
8034
5796
3279
5239
3435
4332
7982
1699
4610
2941
930
976
8002
1899
1652
7042
1468
6832
972
6202
5051
6041
2940
2650
3100
2083
7148
3272
333
4448
8417
6705
8981
3758
852
8048
2549
6442
7056
5743
9309
5857
6940
6045
2322
7751
1194
528
7839
4955
9390
6957
7817
4731
9667
1110
9656
9652
1915
8995
6370
2861
9286
1956
5594
7940
6277
6694
6602
8089
4462
2436
6508
3770
2787
9424
2703
9054
9022
9074
5879
8150
6816
2480
1974
3857
811
831
2283
1135
1324
3785
7304
8776
5533
6783
6344
1118
4953
7008
128
1088
2322
7451
8006
2241
1056
7090
3871
2584
7466
2816
8909
185
8442
5388
633
8884
3708
6302
1245
3932
5831
7857
4518
6235
9391
2681
2168
9748
1866
8392
978
1785
418
1324
5299
3278
3914
2426
8333
718
357
145
4408
5740
1811
2936
1915
5340
1661
266
3735
1892
9315
3300
2708
413
9060
7707
9856
7806
7118
8723
309
427
5574
1774
4043
2570
1419
6226
7438
5894
1334
6014
2321
9783
9588
2557
18
7122
9479
3724
3872
8077
778
6841
1579
3782
9780
5405
1435
180
1470
2219
2595
9022
584
3081
6823
555
8745
3919
7548
6154
6166
8094
1215
2658
5093
787
4152
2652
706
7003
8240
4768
1570
2617
9682
2718
7222
3110
5854
975
2498
6040
2851
714
9743
6086
382
1354
3421
1115
1102
9600
8733
7850
2122
9462
8462
2641
2373
7028
390
3152
9280
3462
2628
9403
3345
2589
4099
9182
6227
3509
5666
6450
2174
4247
8850
4349
9464
1072
863
9758
6620
5474
7811
7769
8538
4505
487
3935
8815
7104
2315
9011
7431
4869
1080
3384
4976
9899
1859
239
2593
3087
4325
2655
3898
125
9674
7989
1902
5027
6071
4735
4862
7542
9215
6900
2584
1316
1543
6199
7088
8106
9000
2443
1757
3383
5333
8152
4760
9520
2382
9454
224
8693
4181
2970
2978
8292
2719
9847
6295
2221
1932
8343
973
7942
7498
4242
6075
7104
9895
5598
5183
857
1702
5104
9323
5379
2757
6402
1728
8085
2892
2726
7481
1296
520
1417
4907
4917
5528
4859
4331
869
6456
4750
2337
1641
8717
893
523
1059
8927
175
6101
3477
3182
6908
3048
6448
1998
6543
9920
6128
8277
2508
723
5542
2055
2821
5727
5606
6079
680
8467
3939
2769
2763
9648
3671
2125
7898
1601
1591
1607
8144
6153
2454
7701
3252
8316
8632
5129
6086
9457
1482
7696
5051
3238
833
7082
6021
2021
7728
9386
1526
9781
5310
6352
4134
2452
200
6789
8403
4676
786
7095
2361
499
9875
5494
1635
7440
3186
6574
2720
1002
4812
6278
9321
9707
7480
9016
657
6453
9788
6434
4334
9052
3616
7805
2488
8068
4692
9436
1040
9276
5486
3062
323
3772
2358
8296
5039
2426
582
5877
468
1299
7916
6191
846
4505
546
6395
9315
9464
7584
6943
8136
3981
8400
5615
553
4361
6211
6601
9928
1858
6210
8910
6934
4986
4887
9346
1936
6677
4972
2165
4603
2101
9892
2803
6179
1704
4313
2873
9217
341
5286
4905
1915
1970
3958
7856
9536
5274
1117
8021
1284
4109
5462
2549
4505
8168
812
5085
127
3286
8028
7992
6733
1239
9898
5754
128
9537
3972
7227
4995
3380
7125
7512
3984
1810
1034
486
9750
2527
2442
7704
4044
3573
9425
852
4452
3419
782
1761
8436
5047
9566
2724
337
2625
8232
7883
1292
3162
2235
585
5922
8958
164
8995
910
4758
9589
7354
6146
3920
2210
5626
3703
3026
6269
1971
3905
1389
1045
6054
5638
1679
6922
9154
7375
7948
5253
6303
3760
7438
2726
1962
5909
7994
2605
9555
7518
6228
6029
9124
3853
7798
6349
6035
8477
9405
609
3017
1861
501
681
1684
5373
4294
1113
1353
6145
9439
1385
9630
8179
4146
8285
2728
9046
4720
7175
5360
2424
1334
5979
7115
9871
3048
8084
6378
8679
6573
1813
5151
6427
795
8835
2802
4003
9237
2369
5123
2348
5410
956
2448
6222
9232
9272
9369
8522
3912
2202
6850
5267
2116
4279
2233
1375
7406
9005
1145
4573
5323
161
4654
1417
7320
5785
601
1677
1475
7371
4774
1867
1950
7285
845
7817
8335
1423
3494
475
9195
8846
5969
6711
4772
2218
8804
4645
849
8002
8022
2982
6142
2382
1228
5287
1203
9109
7777
6806
1209
4784
812
9684
6761
7598
6876
3915
6791
7994
1831
2913
3664
9403
628
2910
5200
5834
7973
1675
2200
5097
6202
4523
910
5490
8625
5598
1348
1981
226
1588
2797
9718
555
959
7021
9183
2407
9260
8561
8689
6228
1252
4800
7929
244
9341
6224
2081
6004
3558
827
4844
9148
5299
9507
1878
1255
2854
2740
411
8116
9247
7529
6503
4747
1029
8754
2158
4196
4085
5604
6893
884
5546
5090
9616
201
9743
7594
7125
9817
8801
6643
2929
758
5207
7670
1458
8645
2198
906
3237
4814
1264
852
8681
950
1566
4063
2244
1580
5182
8505
3508
2353
494
3102
9720
155
3337
5992
9120
3148
545
8407
5106
7502
2399
830
591
2674
647
4686
7669
3498
2911
679
3478
1843
4417
7292
5225
7094
7598
310
352
3377
3734
7948
9097
5730
5910
5026
2665
388
2113
7119
9958
3517
8818
9651
6547
7575
2624
3465
5442
542
7715
9081
5637
761
4375
4401
5253
4780
7406
8229
8455
7981
2011
2053
1436
9590
7036
7998
4344
8282
8695
5396
1669
7211
7433
3422
6888
8236
2730
9938
9428
1059
229
7826
8046
7857
9799
9127
6545
180
1702
9166
835
845
9476
2848
6023
4830
6243
2374
1652
8694
123
8092
7255
8496
9467
8358
7316
1896
204
113
2563
4432
1564
75
8345
6707
1994
8517
6147
2040
1373
4183
9722
1768
4921
4917
6676
8819
7924
2545
9607
8608
6406
1682
3796
3252
9936
5907
1057
8149
3391
7774
3383
6015
5553
1451
622
470
2439
7395
3941
3374
27
1274
5494
5672
84
9549
3881
7661
3655
2600
1368
7359
4960
411
6740
1630
2114
3374
2246
4473
6347
5554
488
2662
2588
7274
8181
4660
6183
9434
8173
1470
3369
3662
1582
9827
267
9647
9888
6196
7107
3554
383
2173
2304
1841
1599
2519
295
8830
9771
701
2231
1092
8078
9966
1316
1488
3542
5443
3985
8849
4389
1282
9823
428
9562
6626
9254
5891
8079
3535
7441
3351
8244
2624
2367
4075
9485
5239
5335
3435
3432
1785
4380
877
417
2255
4177
3270
8441
8572
1247
7632
9268
3104
1604
3115
2993
3581
9934
5042
9136
4760
2072
1327
8528
3409
4789
5761
4342
4454
811
3581
